1036335
1044817
1062520
1101447
1107106
1119170
1124416
1127249
1135441
1188541
1196529
1229016
1239969
1243516
1249995
1251663
1252002
1254739
1273862
1285813
1383576
1488062
1519316
1548100
1556615
1562993
1574592
1606362
1609342
1621164
1649146
1653587
1695193
1741665
1745486
1774144
1779423
1791195
1799184
1825443
1839101
1858602
1896028
1925833
1937427
2009126
2034325
2048761
2057779
2119984
2122547
2143058
2190239
2196315
2215942
2285588
2292377
2309340
2338304
2341157
2346987
2349636
2355952
2380612
2390432
2429642
2447376
2449317
2469040
2473256
2491210
2603014
2643284
2664848
2677482
2706165
2745965
2767749
2822541
2875588
2880589
2881946
2910249
2950092
2979735
2988294
2988896
3022708
3043187
3065502
3094513
3200406
3236809
3269984
3274034
3292810
3305534
3349104
3407684
3429274
3476616
3477194
3478696
3508277
3547232
3551596
3578054
3612636
3686214
3741463
3747999
3775629
3781848
3794154
3797869
3810985
3862525
3874801
3888596
3888957
3904291
3938917
3957270
4027763
4039371
4066761
4076095
4129917
4183884
4210091
4241281
4265503
4324916
4380749
4382496
4440064
4443268
4450922
4450963
4453336
4474334
4541477
4633918
4701961
4780256
4811568
4897183
4898728
4917037
4926859
4933052
4978348
5077526
5088060
5111455
5119387
5171170
5182961
5189289
5231056
5242891
5277675
5295124
5321365
5387269
5414741
5491307
5499857
5514758
5527672
5538413
5546573
5562069
5569731
5578621
5585088
5601564
5621448
5623436
5632977
5645616
5696842
5700093
5709263
5722728
5762216
5773837
5789250
5791363
5815943
5820137
5866120
5867917
5919353
5965698
5974011
5977910
5978533
5983747
5996228
