1020429
1022027
1022390
1023663
1025354
1025747
1025911
1026978
1027418
1029836
1031836
1032249
1032895
1032989
1033825
1034489
1036975
1040199
1041490
1042224
1042636
1044248
1045283
1045312
1048331
1051922
1053313
1056468
1061833
1064663
1066530
1066654
1067230
1069126
1071748
1072202
1073254
1074053
1076082
1076612
1078265
1078618
1084199
1084417
1084814
1086309
1086794
1088262
1088975
1089663
1090159
1091778
1093312
1094095
1095602
1096424
1097151
1097225
1100441
1101394
1101800
1102049
1102695
1104079
1104233
1108230
1108721
1108816
1109406
1110009
1110203
1110362
1118313
1119242
1122353
1124416
1125258
1125906
1128349
1129202
1129794
1131077
1131589
1131651
1132470
1137599
1137924
1138848
1140582
1144604
1147809
1148422
1149314
1149746
1149949
1150562
1152174
1154765
1155773
1157195
1157263
1158197
1158455
1161527
1162694
1164666
1166448
1169013
1170285
1170765
1170831
1171597
1174011
1177558
1178439
1180892
1181510
1181599
1186120
1186697
1186822
1189840
1190500
1192663
1193241
1193401
1195327
1196112
1196153
1196529
1197215
1201754
1201861
1202857
1203219
1204230
1205945
1206989
1207959
1209496
1211366
1212694
1212788
1212808
1214411
1219793
1221030
1226072
1228272
1230400
1231004
1238406
1239180
1239969
1242400
1246380
1246478
1247267
1249001
1250069
1253261
1255721
1256896
1258233
1262629
1264355
1264782
1265284
1266786
1267222
1268857
1272228
1272529
1273788
1275835
1276143
1277501
1282076
1283117
1283448
1284462
1284477
1284822
1285813
1288069
1291383
1294819
1296281
1296674
1298568
1300157
1305249
1306741
1307667
1308138
1311131
1312101
1314768
1316268
1317973
1318178
1318354
1320679
1321631
1322970
1328693
1329730
1330668
1333109
1333174
1334349
1334931
1337095
1338195
1341384
1341423
1346770
1350781
1351861
1355294
1359149
1361660
1364944
1368733
1369025
1369986
1372118
1373978
1374063
1374308
1376908
1380279
1380563
1381077
1381374
1383519
1384636
1385287
1385486
1386327
1392486
1397806
1398453
1398710
1400193
1401175
1401380
1402732
1403743
1404281
1407068
1408272
1408437
1410328
1418034
1421263
1422077
1425438
1427147
1430950
1432695
1433760
1438599
1439297
1446245
1448566
1454855
1455275
1456034
1456964
1458496
1463615
1464697
1469005
1471164
1471828
1473166
1476481
1477137
1478685
1478989
1480105
1480192
1481893
1485257
1486472
1489929
1491652
1492612
1494125
1495771
1497192
1499347
1499760
1500162
1503464
1503577
1505295
1507652
1507947
1508694
1508990
1510055
1510232
1513520
1516380
1516818
1517289
1518757
1518837
1519200
1521692
1522115
1523510
1524822
1527086
1527556
1529342
1534139
1535421
1536494
1540192
1542913
1543914
1545808
1546187
1546708
1547656
1549225
1551034
1552020
1552266
1553080
1553596
1554435
1555503
1561291
1561994
1562407
1563441
1564419
1567835
1576210
1577629
1578465
1580782
1583434
1588566
1592185
1592482
1593417
1593903
1594834
1598709
1600729
1602025
1603487
1603969
1610152
1610345
1613823
1616512
1619279
1619618
1625507
1630299
1631267
1631957
1634240
1641501
1643853
1645732
1646398
1649616
1651739
1653501
1654147
1655099
1655254
1659043
1659989
1660438
1662198
1663309
1663317
1667031
1669419
1669493
1669534
1670246
1671931
1673893
1674509
1678798
1681466
1683120
1684158
1685326
1685361
1687200
1687889
1689530
1690055
1691394
1696892
1697256
1698578
1701049
1701779
1702660
1703926
1705582
1706076
1706398
1706710
1710491
1712246
1712566
1715687
1718520
1721283
1722189
1728230
1729707
1730939
1735109
1736128
1736424
1738788
1739416
1743355
1743704
1743850
1747335
1747997
1748112
1748550
1751773
1752333
1754242
1754722
1757795
1758427
1759040
1760461
1765977
1768562
1768709
1769894
1775928
1777421
1778358
1780365
1782037
1783017
1784649
1785138
1785247
1788103
1788135
1788189
1794419
1799184
1801756
1803848
1806487
1806721
1808057
1810904
1811564
1811573
1811860
1812039
1813584
1820469
1822120
1823030
1824447
1825404
1830461
1831578
1832957
1834537
1836034
1836863
1838838
1838916
1839397
1842849
1846348
1846417
1848605
1848934
1851774
1855456
1855666
1859275
1859365
1861281
1863875
1865721
1867613
1870685
1873085
1873487
1875875
1876359
1877181
1882340
1882371
1882982
1884045
1884547
1884655
1884781
1887581
1887715
1889363
1889794
1891651
1891866
1893172
1895305
1896044
1897599
1897851
1898848
1899747
1900695
1904774
1904916
1906543
1906598
1907397
1909295
1910073
1910176
1910894
1912551
1913326
1915540
1916943
1917555
1918091
1918607
1920054
1921772
1922332
1923289
1924633
1925152
1926311
1927595
1933506
1933947
1935974
1936903
1938894
1942171
1942194
1944123
1945304
1948121
1948595
1949403
1949545
1950270
1958222
1959271
1961326
1962226
1963050
1965209
1966505
1967107
1969643
1970703
1971192
1971676
1972268
1973689
1973807
1974037
1974538
1974747
1975216
1976455
1977386
1977573
1978900
1979246
1980939
1981890
1982352
1983530
1985733
1985900
1987083
1987392
1989106
1990003
1991267
1992390
1994519
1996621
1996777
1997069
1997108
1999225
1999486
2000961
2002186
2002754
2003361
2005915
2006660
2008832
2009422
2013411
2015130
2016872
2018845
2025135
2027238
2028591
2029431
2030553
2031283
2033108
2034199
2037194
2039485
2041218
2041895
2042486
2043095
2044089
2049851
2051356
2051733
2057018
2057481
2060393
2068000
2074503
2075476
2075733
2078702
2079203
2079437
2080496
2081377
2083196
2084057
2084135
2084206
2086428
2087939
2088794
2089430
2090494
2092107
2092862
2092944
2093112
2093140
2094002
2094649
2095954
2097340
2098623
2101009
2101112
2102053
2102913
2105270
2105325
2105903
2109116
2109539
2110940
2116135
2117318
2119547
2119966
2120535
2121071
2124081
2126462
2127917
2128758
2132150
2132691
2132799
2135676
2136009
2138263
2139716
2142639
2143308
2143564
2145100
2147089
2148720
2149861
2149940
2150194
2151883
2155623
2156668
2159488
2160624
2163222
2165759
2171798
2172693
2179309
2180574
2182861
2184297
2185165
2187303
2187688
2187975
2196315
2198019
2198246
2200258
2202649
2203450
2203838
2204567
2206206
2208325
2208491
2208685
2212070
2212111
2214360
2215352
2218277
2219734
2220538
2221176
2221978
2223241
2226106
2229936
2230344
2235421
2236196
2236923
2236995
2237729
2239152
2242900
2245458
2245990
2246456
2249703
2252051
2257846
2259516
2259878
2260564
2260752
2260966
2261069
2262590
2263151
2264262
2265475
2266436
2266694
2266956
2271740
2277006
2280383
2283932
2284508
2285738
2285949
2287649
2293249
2293606
2298586
2301315
2303042
2303652
2307200
2307592
2312183
2312627
2312685
2312715
2316583
2319644
2320029
2320684
2322209
2322968
2323686
2327390
2328272
2331142
2332055
2333250
2336492
2337999
2341157
2344911
2348615
2350810
2351196
2351412
2355770
2358458
2358796
2358944
2359769
2360846
2361272
2361502
2363076
2363584
2363707
2364021
2367492
2370637
2370901
2372700
2372949
2374748
2376182
2377070
2379580
2380325
2381047
2381073
2386377
2386515
2389271
2389980
2391686
2392951
2394746
2397458
2400376
2400694
2402856
2404151
2404915
2406479
2407374
2407643
2408701
2409576
2409936
2415238
2416571
2418044
2418056
2422220
2425534
2431819
2433304
2433521
2435183
2437834
2440180
2440425
2441399
2446811
2447270
2447436
2448817
2448988
2449014
2449030
2449679
2450692
2451380
2454297
2455891
2458211
2459808
2459877
2462600
2465153
2465683
2468959
2471137
2472292
2473139
2475113
2475296
2475336
2475556
2476733
2478361
2478519
2478623
2480341
2480921
2482442
2482706
2484425
2485802
2488666
2491577
2493217
2494178
2494715
2494990
2496870
2497194
2497797
2498578
2502183
2503228
2507105
2507709
2507745
2510450
2513908
2515004
2516885
2518535
2518589
2520475
2523976
2525404
2527204
2527618
2530483
2530818
2531784
2533043
2534217
2534331
2536756
2536988
2539088
2542818
2544898
2545802
2546020
2548346
2548397
2549149
2550929
2550988
2551717
2553177
2554155
2554199
2555216
2558820
2558946
2560108
2560274
2567198
2567858
2569515
2570685
2570823
2571154
2573303
2573367
2576797
2578315
2578543
2578793
2579399
2581189
2585291
2586048
2586835
2592097
2592807
2593501
2595836
2596943
2597286
2600413
2600641
2604619
2605235
2606236
2606719
2607282
2608224
2612939
2614337
2620093
2622729
2624591
2624649
2624894
2627998
2628525
2632771
2634770
2637115
2639541
2641599
2644598
2645803
2647958
2648089
2648875
2651961
2652872
2654477
2659018
2659111
2662562
2665551
2666856
2668728
2669665
2673024
2673274
2674218
2675467
2676727
2679025
2679453
2679485
2680123
2681645
2684682
2684739
2689091
2690722
2692223
2692650
2692721
2696708
2697689
2697883
2699414
2702700
2705734
2708722
2712357
2713682
2720011
2720654
2724167
2724307
2727457
2728753
2729042
2737541
2737632
2740107
2740814
2741786
2743843
2744624
2747572
2749532
2750094
2751355
2754752
2754775
2757332
2758219
2759380
2763554
2769284
2773553
2774277
2777645
2778812
2782963
2784935
2788117
2790195
2793648
2794455
2794727
2795843
2796128
2796532
2796614
2800318
2802268
2802659
2808555
2811492
2815227
2820145
2825195
2825603
2826658
2826890
2832579
2833593
2835594
2837068
2837997
2838036
2840396
2841453
2842730
2842978
2843648
2844572
2844768
2844892
2847366
2851171
2851607
2852390
2855422
2855445
2856730
2858976
2862270
2866688
2870355
2875482
2876968
2880197
2882482
2883500
2883989
2884492
2884760
2886042
2889428
2892799
2893629
2894318
2895450
2898810
2903237
2905245
2907126
2907575
2907989
2909528
2912908
2913085
2914414
2914585
2916531
2918263
2921824
2922084
2924668
2924715
2925132
2925840
2926919
2930551
2932827
2933875
2938161
2941682
2941698
2942861
2950206
2951612
2951668
2952697
2953231
2953805
2953932
2954299
2954371
2956038
2956347
2960503
2961898
2962140
2963685
2970028
2976558
2977543
2979007
2980200
2980485
2983482
2984298
2986390
2988716
2991097
2991912
2992086
2993276
2993600
2997060
2998580
2998978
2999625
3000284
3003952
3005937
3007620
3011599
3011629
3011975
3012848
3013671
3013796
3016182
3018118
3019193
3019591
3020130
3021196
3022064
3024363
3025335
3028668
3030745
3037433
3039219
3040913
3048964
3057975
3058359
3061640
3061729
3069938
3070890
3072627
3074999
3077943
3079725
3081719
3083042
3084136
3084241
3084311
3084650
3084792
3085084
3085888
3086376
3088047
3088868
3089496
3090116
3094409
3097256
3098615
3098879
3099412
3099453
3100713
3101141
3104223
3104924
3105033
3106051
3108762
3109415
3112016
3113515
3114125
3117234
3118240
3119141
3120265
3120618
3125880
3126184
3129538
3129702
3130779
3131266
3131387
3138440
3139286
3140007
3141035
3141937
3144218
3145243
3146247
3146426
3147825
3150793
3151337
3153937
3155900
3157042
3157116
3157790
3158178
3159443
3159550
3159860
3160447
3160904
3161127
3161634
3161781
3162804
3163856
3164156
3170589
3172080
3175494
3175710
3178044
3178951
3182087
3182645
3183180
3185402
3187954
3189057
3189310
3189641
3192028
3193029
3196471
3197627
3197935
3198669
3199679
3200566
3201143
3203515
3206602
3212259
3213173
3214831
3215037
3215474
3217940
3218041
3218857
3219248
3220497
3222477
3223794
3224717
3227176
3228048
3228252
3229969
3230197
3231969
3232045
3232515
3233360
3233935
3235365
3237720
3241373
3241793
3245815
3253108
3253927
3254513
3256849
3256987
3257573
3261570
3261959
3262088
3265510
3265631
3265997
3266831
3266936
3272440
3273286
3277407
3278186
3279847
3282530
3283618
3287773
3289960
3293888
3295767
3296693
3297507
3297510
3297938
3300217
3302522
3305303
3305631
3307624
3309588
3313826
3314895
3315375
3315509
3316870
3322680
3329519
3330367
3330837
3332875
3333031
3333522
3335331
3337903
3339483
3342311
3354522
3356230
3356615
3360106
3361162
3363973
3365066
3365212
3366859
3366989
3367087
3369601
3371113
3373334
3373383
3375357
3376722
3377390
3377696
3380070
3380641
3382929
3387029
3390296
3393205
3393830
3395304
3397144
3398385
3398464
3400057
3404312
3404763
3406329
3408636
3408680
3410237
3410243
3410251
3412787
3414977
3417770
3420025
3420304
3421104
3422332
3423949
3424300
3424428
3424558
3425247
3425925
3427056
3427431
3428587
3428686
3430634
3432866
3433891
3438999
3441230
3442550
3443546
3447212
3447829
3450729
3451839
3452297
3455447
3456168
3456529
3456699
3458046
3459782
3461475
3463204
3464465
3468083
3469954
3471530
3471758
3473807
3476535
3478578
3482397
3482489
3483824
3487638
3488325
3489386
3492975
3497565
3497725
3500880
3501226
3504627
3505618
3506152
3507642
3508356
3509761
3510063
3511209
3513697
3514372
3517485
3518827
3519368
3519951
3521532
3522562
3522763
3524203
3529041
3529264
3529987
3531503
3533084
3535822
3537303
3543157
3544296
3545367
3547568
3548233
3548422
3549933
3551724
3551876
3554614
3557046
3558616
3559179
3563185
3563290
3566766
3567192
3567559
3567745
3570227
3572055
3572836
3573202
3575235
3575272
3577088
3579664
3580250
3580288
3581027
3582256
3582323
3585316
3588003
3588149
3593749
3601018
3602044
3602067
3602242
3605130
3607458
3612844
3614120
3615523
3615800
3620540
3620947
3621508
3623263
3623516
3624653
3626322
3626637
3629173
3631636
3631799
3632435
3633586
3634124
3635241
3638082
3638409
3638417
3639531
3641288
3641651
3646709
3647688
3650864
3653884
3654496
3662377
3663257
3663354
3665617
3665734
3665890
3666182
3668011
3669243
3674974
3676708
3680533
3681902
3682360
3683642
3683957
3685410
3685589
3685866
3686493
3690058
3692041
3692202
3695497
3697102
3703438
3703481
3705198
3705964
3712306
3713517
3713714
3715114
3715807
3716115
3717546
3719535
3726221
3726348
3726859
3727213
3727680
3732554
3737819
3737848
3738311
3744595
3745112
3745395
3750821
3750849
3757662
3758149
3760463
3764638
3766626
3770912
3772154
3772411
3773838
3777254
3777822
3778409
3778653
3779140
3779416
3779661
3782843
3783889
3784974
3786741
3790102
3790468
3792823
3793992
3796262
3799834
3804452
3806204
3807396
3808014
3808925
3818155
3820620
3821969
3822465
3822626
3822642
3825238
3826116
3829490
3830218
3830862
3833344
3833924
3836781
3838236
3838418
3839798
3842155
3842500
3842513
3844403
3844522
3847339
3847648
3852442
3852483
3852535
3855240
3855802
3856205
3858868
3859170
3861937
3864694
3865657
3867416
3870068
3870191
3871253
3872278
3872869
3872951
3873154
3873509
3877814
3877911
3880490
3885495
3889043
3892477
3892817
3895244
3895502
3896690
3897375
3898343
3900866
3902153
3902362
3902547
3902700
3903627
3905351
3906116
3906120
3908090
3909243
3911270
3912321
3912357
3912845
3913374
3913682
3916466
3917300
3917428
3919749
3921194
3924070
3926265
3927628
3927939
3928008
3929459
3929646
3929929
3931116
3931646
3933626
3935250
3938066
3942867
3943145
3943749
3947739
3949686
3949958
3952371
3953545
3953871
3958809
3961358
3964930
3973392
3976037
3976823
3977200
3977304
3983052
3984417
3984731
3991150
3993011
3999256
4003138
4008147
4016601
4020025
4021681
4022360
4024558
4025410
4026882
4027157
4027508
4028307
4031245
4031906
4032833
4034328
4034718
4035481
4036903
4037164
4042482
4042819
4043841
4044209
4044842
4045828
4046858
4048368
4048654
4049545
4052914
4053664
4054219
4055157
4057768
4058331
4058939
4061779
4063435
4066914
4067249
4067301
4069215
4075777
4077314
4083523
4084572
4085673
4097457
4098637
4103709
4104499
4108233
4109416
4110225
4111226
4113579
4114387
4116288
4120422
4121522
4125402
4128939
4129021
4130230
4131084
4132654
4132982
4133545
4135046
4135878
4138571
4140447
4141127
4141905
4142277
4145233
4146125
4151512
4152814
4155620
4155679
4155993
4159504
4159644
4162231
4162785
4165497
4172861
4176722
4177303
4179082
4179155
4179491
4180021
4181668
4183062
4184916
4187885
4189027
4191356
4191631
4193161
4193348
4196333
4198067
4199708
4199934
4201090
4204480
4204773
4205237
4205338
4205812
4207112
4208602
4209645
4210308
4212740
4218073
4221189
4226382
4226592
4227332
4227354
4230983
4234351
4235931
4236166
4236687
4237145
4243210
4243431
4244821
4245770
4246452
4248702
4250541
4251009
4252390
4253505
4254070
4257492
4260398
4261613
4261744
4262221
4266223
4267559
4269466
4269543
4270084
4270695
4270743
4271877
4273919
4275267
4280336
4280727
4281526
4284013
4284052
4285663
4285726
4288133
4293094
4293163
4294964
4295763
4297884
4299253
4299873
4300674
4302178
4306419
4308720
4309114
4310660
4311211
4311573
4311596
4311893
4312924
4314720
4318296
4320438
4321928
4324846
4325063
4327346
4328636
4329534
4329981
4330041
4330181
4331510
4340610
4345548
4346065
4347320
4351067
4351488
4351577
4353628
4356138
4361557
4362684
4365766
4367254
4367321
4367495
4367669
4376769
4377919
4381614
4382523
4382660
4386406
4392565
4393227
4394592
4398801
4399360
4401285
4401909
4403148
4404063
4404185
4407270
4408697
4414116
4414973
4415306
4416918
4418603
4418899
4419587
4420697
4423075
4423274
4424990
4425251
4427314
4427860
4430776
4430834
4432193
4436049
4438895
4438990
4441358
4444320
4446028
4448153
4449183
4449788
4449862
4450481
4451546
4458365
4461071
4461286
4461766
4466931
4468693
4469101
4469762
4471022
4471341
4475325
4479260
4479568
4479858
4482773
4484324
4485309
4486969
4493539
4496266
4496569
4498125
4498300
4498536
4501106
4504980
4505183
4506338
4507656
4508264
4509553
4512176
4512708
4514041
4515583
4516018
4516782
4518301
4518808
4519918
4522289
4525412
4529580
4531119
4538280
4544522
4545336
4546303
4547660
4548285
4548446
4549097
4551810
4552380
4552665
4552884
4553182
4553527
4553697
4555342
4556877
4557566
4560915
4561234
4568718
4573148
4574314
4575628
4576252
4577348
4578790
4579511
4582186
4583172
4583765
4584320
4584427
4586299
4588451
4592026
4594118
4594559
4594965
4595228
4597999
4599448
4603989
4606553
4608149
4608687
4610189
4610378
4612585
4614242
4618856
4620450
4624525
4625639
4625747
4628113
4628870
4630019
4630297
4632218
4633139
4633235
4635478
4638326
4640436
4643174
4643460
4644392
4646235
4647041
4648543
4649963
4650389
4650952
4651614
4653064
4653279
4653934
4654289
4654819
4656867
4657051
4657702
4657944
4658880
4661336
4662130
4664439
4668308
4674510
4675310
4676016
4678265
4678730
4680179
4680947
4681278
4685160
4686100
4691468
4693415
4695367
4696641
4698393
4699502
4699547
4700750
4701101
4701812
4702224
4702505
4702844
4707181
4707434
4707884
4708520
4708776
4709677
4713134
4714046
4714690
4720855
4722786
4723035
4728134
4729267
4734525
4736961
4737883
4738309
4740946
4742660
4744502
4748652
4748880
4752302
4753239
4753361
4754427
4755600
4769259
4776286
4777745
4783061
4783929
4789508
4790349
4791385
4791758
4793776
4793807
4793940
4794989
4795621
4799872
4802345
4806935
4809774
4818501
4819644
4820853
4820999
4823743
4831546
4834207
4834514
4835267
4836492
4838710
4839542
4839820
4839924
4843141
4843217
4844409
4845403
4846616
4847341
4851867
4861377
4862615
4862629
4865524
4865653
4867732
4870380
4871757
4873552
4877587
4877864
4879853
4880729
4881522
4884929
4886395
4886465
4887544
4888069
4889135
4898638
4899442
4902373
4903829
4905891
4907136
4907163
4908139
4912979
4916468
4916783
4918973
4919215
4921939
4923287
4925974
4930462
4934491
4936948
4939592
4940057
4946611
4946628
4947762
4948549
4956287
4958763
4959723
4961300
4964459
4965920
4968186
4968656
4969399
4969614
4971609
4972868
4974152
4974358
4974805
4977624
4979887
4982259
4983076
4983337
4983379
4986777
4989055
4993185
4996510
4997676
4998189
5002730
5004095
5004590
5005174
5014051
5014627
5015073
5018094
5018344
5020773
5022485
5025722
5029614
5029695
5029782
5033666
5037524
5038010
5038459
5040523
5041713
5041775
5043890
5045436
5047000
5047186
5051964
5059603
5060588
5060626
5062706
5063333
5070298
5070456
5071478
5072364
5072842
5073452
5074406
5075099
5080268
5080909
5081841
5083679
5087910
5090124
5091214
5093935
5095173
5095609
5100677
5102120
5104429
5106421
5106628
5114337
5114440
5115408
5120742
5123416
5126865
5128239
5128641
5130074
5131108
5131217
5131373
5131388
5132095
5133151
5143051
5143155
5143715
5146305
5151633
5153390
5153542
5155072
5157698
5158263
5160820
5161519
5161587
5162385
5162869
5166867
5167606
5171242
5172751
5174051
5174764
5175509
5175795
5180611
5181427
5181566
5184008
5184442
5188581
5191244
5191970
5199318
5199539
5199624
5202013
5202038
5205357
5207647
5208700
5209581
5211614
5212464
5217270
5218333
5218646
5218996
5220185
5220515
5223321
5223735
5225400
5228313
5229192
5235517
5235723
5235910
5237746
5238837
5240614
5244166
5250273
5250870
5251718
5255856
5256042
5256988
5257501
5258717
5259160
5259403
5264061
5264305
5267077
5267336
5270826
5271609
5271995
5272894
5275158
5275419
5280530
5282208
5283645
5284167
5286154
5286714
5288426
5288706
5289357
5290617
5291613
5292729
5297170
5297943
5300612
5301064
5302297
5305035
5306036
5306063
5308939
5310181
5310455
5316287
5317716
5320350
5321707
5323371
5323429
5327055
5327756
5330210
5330916
5335458
5335808
5338197
5338322
5339594
5346803
5348735
5350265
5351247
5351651
5352701
5353135
5354485
5354995
5356869
5357526
5360310
5363077
5365661
5368048
5368275
5368505
5369784
5370060
5370304
5373127
5374670
5377514
5378501
5380256
5381689
5383459
5385980
5386393
5388777
5390652
5392802
5397683
5400244
5400547
5400588
5401520
5401635
5401776
5405765
5405847
5406270
5409619
5412126
5415461
5417632
5418033
5419114
5422543
5423103
5423532
5424115
5424200
5425553
5426562
5430497
5430614
5431218
5431524
5431895
5432594
5436130
5436701
5437633
5438707
5441056
5442446
5443000
5447290
5447700
5448510
5448629
5451246
5453965
5454866
5466444
5468572
5470794
5471766
5472359
5474635
5477695
5480183
5483040
5490390
5492339
5498697
5498902
5501705
5502876
5504492
5505048
5508072
5509517
5509692
5509777
5510310
5511332
5513309
5514090
5515437
5517324
5518710
5518908
5519792
5520660
5522882
5524294
5525218
5525257
5526132
5526148
5527418
5528231
5530890
5531384
5534346
5534621
5534853
5543367
5545299
5549144
5551497
5552736
5555635
5556622
5556742
5559014
5560031
5565370
5568290
5568634
5569731
5570308
5570848
5572100
5574664
5575239
5578840
5580600
5580711
5580767
5584524
5587626
5590484
5594095
5594250
5594358
5594604
5596896
5599573
5601106
5601171
5603803
5607628
5608410
5611281
5612489
5613067
5613508
5614410
5614682
5616294
5617137
5620511
5620665
5620785
5630142
5637231
5644015
5644381
5645866
5647464
5648469
5651449
5651878
5652407
5655917
5657076
5657087
5660104
5661800
5663807
5664500
5665187
5668837
5669674
5671677
5672791
5677292
5677731
5678198
5678947
5679637
5679870
5683686
5687136
5688036
5690307
5691538
5691702
5692219
5694586
5694595
5697002
5702491
5707072
5709449
5712460
5714424
5715944
5716411
5716545
5717236
5718461
5718712
5719817
5722681
5724255
5726579
5728518
5730643
5733079
5734598
5736459
5737190
5739369
5741787
5742535
5743735
5744865
5746581
5746653
5747213
5750248
5750553
5750613
5752716
5756100
5756556
5758286
5758688
5760754
5762160
5768332
5768773
5770270
5771237
5771509
5772025
5772238
5772941
5775514
5779294
5782473
5784678
5786213
5788232
5788392
5789960
5791322
5791919
5791932
5791993
5795988
5797555
5798386
5802044
5806060
5806521
5807161
5807183
5807715
5808357
5809273
5811910
5813733
5813816
5818672
5818689
5818842
5821601
5822167
5822917
5823449
5823672
5825692
5825885
5827860
5829048
5829406
5829521
5831828
5832050
5832853
5833951
5834794
5835389
5838808
5838859
5841247
5846415
5849639
5853296
5853682
5855437
5857633
5859163
5861476
5864236
5866099
5866165
5866950
5867896
5870429
5871112
5873320
5873427
5878309
5889000
5890992
5891939
5893697
5895206
5895576
5897060
5900477
5900638
5902268
5905064
5907479
5914804
5919105
5920006
5920390
5923031
5925939
5926726
5927668
5929589
5932927
5933896
5938362
5939715
5943072
5943121
5943394
5944590
5944870
5946963
5947293
5949058
5949290
5950402
5951588
5953196
5954720
5954743
5955886
5956489
5956618
5957603
5961055
5963634
5966335
5966981
5968593
5969405
5969719
5974072
5974774
5977073
5977204
5981898
5982465
5984024
5985742
5991050
5993068
5998421
5999049
6001703
6002830
6004251
6007875
6009968
6010937
6012158
6013379
6016243
6017906
6019423
6019817
6022767
6022772
6022790
6023100
6023247
6023604
